#  BAND   34          
#EF=   0.00000     NDOS= 5     NENRG=  539    Gaussian bradening: 0.00300
# ENERGY    2:DZ2          2:DXY          2:DX2Y2        2:DXZ+DYZ      2:DXZ+DYZ   
  -7.84926    0.00000000    0.00000000    0.00000000    0.00000000    0.00000000
  -7.82205    0.00000000    0.00000000    0.00000000    0.00000000    0.00000000
  -7.79484    0.00000000    0.00000000    0.00000000    0.00000000    0.00000000
  -7.76763    0.00000000    0.00000000    0.00000000    0.00000000    0.00000000
  -7.74042    0.00000000    0.00000000    0.00000000    0.00000000    0.00000000
  -7.71321    0.00000000    0.00000000    0.00000000    0.00000000    0.00000000
  -7.68599    0.00000000    0.00000000    0.00000000    0.00000000    0.00000000
  -7.65878    0.00000000    0.00000000    0.00000000    0.00000000    0.00000000
  -7.63157    0.00000000    0.00000000    0.00000000    0.00000000    0.00000000
  -7.60436    0.00000000    0.00000000    0.00000000    0.00000000    0.00000000
  -7.57715    0.00000000    0.00000000    0.00000000    0.00000000    0.00000000
  -7.54994    0.00000000    0.00000000    0.00000000    0.00000000    0.00000000
  -7.52273    0.00000000    0.00000000    0.00000000    0.00000000    0.00000000
  -7.49551    0.00000000    0.00000000    0.00000000    0.00000000    0.00000000
  -7.46830    0.00000000    0.00000000    0.00000000    0.00000000    0.00000000
  -7.44109    0.00000000    0.00000000    0.00000000    0.00000000    0.00000000
  -7.41388    0.00000000    0.00000000    0.00000000    0.00000000    0.00000000
  -7.38667    0.00000000    0.00000000    0.00000000    0.00000000    0.00000000
  -7.35946    0.00000000    0.00000000    0.00000000    0.00000000    0.00000000
  -7.33225    0.00000000    0.00000000    0.00000000    0.00000000    0.00000000
  -7.30504    0.00000000    0.00000000    0.00000000    0.00000000    0.00000000
  -7.27782    0.00000000    0.00000000    0.00000000    0.00000000    0.00000000
  -7.25061    0.00000000    0.00000000    0.00000000    0.00000000    0.00000000
  -7.22340    0.00000871    0.00000000    0.00000001    0.00000000    0.00000000
  -7.19619    0.00012464    0.00000000    0.00000012    0.00000000    0.00000000
  -7.16898    0.00072344    0.00000003    0.00000084    0.00000000    0.00000000
  -7.14177    0.00209323    0.00000014    0.00000356    0.00000000    0.00000000
  -7.11456    0.00372391    0.00000041    0.00001110    0.00000002    0.00000002
  -7.08734    0.00506887    0.00000093    0.00002713    0.00000007    0.00000007
  -7.06013    0.00625780    0.00000175    0.00005337    0.00000022    0.00000022
  -7.03292    0.00740141    0.00000293    0.00008954    0.00000051    0.00000051
  -7.00571    0.00843418    0.00000450    0.00013881    0.00000092    0.00000092
  -6.97850    0.00942659    0.00000657    0.00020919    0.00000144    0.00000144
  -6.95129    0.01048075    0.00000923    0.00030646    0.00000205    0.00000205
  -6.92408    0.01160345    0.00001249    0.00043216    0.00000279    0.00000279
  -6.89686    0.01276963    0.00001640    0.00058480    0.00000369    0.00000369
  -6.86965    0.01395932    0.00002110    0.00076565    0.00000479    0.00000479
  -6.84244    0.01517626    0.00002669    0.00098763    0.00000608    0.00000608
  -6.81523    0.01646201    0.00003320    0.00126755    0.00000758    0.00000758
  -6.78802    0.01785288    0.00004062    0.00161471    0.00000927    0.00000927
  -6.76081    0.01936876    0.00004907    0.00203258    0.00001116    0.00001116
  -6.73360    0.02102642    0.00005885    0.00252397    0.00001326    0.00001326
  -6.70638    0.02285486    0.00007020    0.00309930    0.00001560    0.00001560
  -6.67917    0.02489722    0.00008320    0.00378416    0.00001818    0.00001818
  -6.65196    0.02722609    0.00009786    0.00461087    0.00002102    0.00002102
  -6.62475    0.03001318    0.00011426    0.00560255    0.00002411    0.00002411
  -6.59754    0.03357524    0.00013265    0.00677422    0.00002747    0.00002747
  -6.57033    0.03805837    0.00015348    0.00814604    0.00003114    0.00003114
  -6.54312    0.04225126    0.00017727    0.00977063    0.00003513    0.00003513
  -6.51590    0.04466742    0.00020444    0.01175324    0.00003946    0.00003946
  -6.48869    0.04607479    0.00023526    0.01418733    0.00004416    0.00004416
  -6.46148    0.04731904    0.00026988    0.01709039    0.00004922    0.00004922
  -6.43427    0.04840907    0.00030838    0.02048373    0.00005467    0.00005467
  -6.40706    0.04956156    0.00035118    0.02445834    0.00006048    0.00006048
  -6.37985    0.05096873    0.00039891    0.02927125    0.00006667    0.00006667
  -6.35264    0.05260157    0.00045209    0.03531732    0.00007327    0.00007327
  -6.32542    0.05438128    0.00051113    0.04277580    0.00008036    0.00008036
  -6.29821    0.05630208    0.00057637    0.05170466    0.00008795    0.00008795
  -6.27100    0.05849599    0.00064812    0.06273155    0.00009606    0.00009606
  -6.24379    0.06116703    0.00072652    0.07717747    0.00010473    0.00010473
  -6.21658    0.06449859    0.00081202    0.09650087    0.00011399    0.00011399
  -6.18937    0.06883010    0.00090595    0.12414712    0.00012379    0.00012379
  -6.16216    0.07478175    0.00100935    0.16650400    0.00013418    0.00013418
  -6.13494    0.08194549    0.00112184    0.21941333    0.00014530    0.00014530
  -6.10773    0.08841630    0.00124243    0.26352164    0.00015679    0.00015679
  -6.08052    0.09346818    0.00137054    0.29214102    0.00016764    0.00016764
  -6.05331    0.09813900    0.00150549    0.31629357    0.00017713    0.00017713
  -6.02610    0.10343815    0.00164706    0.34388268    0.00018516    0.00018516
  -5.99889    0.10910952    0.00179443    0.37494349    0.00019184    0.00019184
  -5.97168    0.11192906    0.00194311    0.39646214    0.00019752    0.00019752
  -5.94447    0.10626511    0.00208820    0.38067037    0.00020294    0.00020294
  -5.91725    0.09341635    0.00222907    0.32995635    0.00020880    0.00020880
  -5.89004    0.08213396    0.00236626    0.28440750    0.00021531    0.00021531
  -5.86283    0.07417601    0.00249922    0.25285870    0.00022229    0.00022229
  -5.83562    0.06771664    0.00263067    0.22728470    0.00022969    0.00022969
  -5.80841    0.06297292    0.00276344    0.20946617    0.00023739    0.00023739
  -5.78120    0.05949983    0.00289566    0.19764732    0.00024497    0.00024497
  -5.75399    0.05638521    0.00302550    0.18737429    0.00025238    0.00025238
  -5.72677    0.05326223    0.00315340    0.17674839    0.00026010    0.00026010
  -5.69956    0.05021489    0.00331925    0.16599213    0.00026871    0.00026871
  -5.67235    0.04755276    0.00393990    0.15647645    0.00027818    0.00027818
  -5.64514    0.04537230    0.00662884    0.14895184    0.00028780    0.00028780
  -5.61793    0.04346631    0.01282919    0.14288296    0.00029710    0.00029710
  -5.59072    0.04167738    0.02076513    0.14001942    0.00030631    0.00030631
  -5.56351    0.03989089    0.02777338    0.15957700    0.00031595    0.00031595
  -5.53629    0.03803697    0.03341219    0.26437971    0.00032740    0.00032740
  -5.50908    0.03622699    0.03856302    0.48456293    0.00034354    0.00034354
  -5.48187    0.03467674    0.04342625    0.69195545    0.00036595    0.00036595
  -5.45466    0.03344516    0.04722723    0.76585203    0.00039275    0.00039275
  -5.42745    0.03241234    0.05112812    0.75413960    0.00042259    0.00042259
  -5.40024    0.03145085    0.05602360    0.72433364    0.00045526    0.00045526
  -5.37303    0.03047181    0.06102610    0.69054943    0.00049159    0.00049159
  -5.34581    0.02949363    0.06589717    0.65707320    0.00053452    0.00053452
  -5.31860    0.02864267    0.07097452    0.63259202    0.00058653    0.00058653
  -5.29139    0.02790946    0.07637033    0.61227918    0.00064692    0.00064692
  -5.26418    0.02715336    0.08206302    0.59007704    0.00071501    0.00071501
  -5.23697    0.02628600    0.08801328    0.56477857    0.00079428    0.00079428
  -5.20976    0.02542353    0.09418830    0.54071265    0.00089085    0.00089085
  -5.18255    0.02478878    0.10058074    0.52415973    0.00100691    0.00100691
  -5.15533    0.02437256    0.10727325    0.51162809    0.00113958    0.00113958
  -5.12812    0.02400778    0.11442533    0.49800146    0.00128738    0.00128738
  -5.10091    0.02362062    0.12220744    0.48395953    0.00145796    0.00145796
  -5.07370    0.02311104    0.13077500    0.46888846    0.00166395    0.00166395
  -5.04649    0.02230020    0.14025350    0.45096782    0.00191842    0.00191842
  -5.01928    0.02132613    0.15064192    0.43342015    0.00223477    0.00223477
  -4.99207    0.02052344    0.16188785    0.42188856    0.00261745    0.00261745
  -4.96486    0.02006561    0.17427912    0.41347021    0.00307357    0.00307357
  -4.93764    0.01993350    0.18795693    0.40356970    0.00363040    0.00363040
  -4.91043    0.01998563    0.20314655    0.39518273    0.00438974    0.00438974
  -4.88322    0.01982082    0.22084507    0.38554668    0.00565601    0.00565601
  -4.85601    0.01903236    0.24250977    0.36966249    0.00773817    0.00773817
  -4.82880    0.01795925    0.27012095    0.35428935    0.01036735    0.01036735
  -4.80159    0.01717657    0.30306152    0.34328046    0.01392570    0.01392570
  -4.77438    0.01697982    0.33271524    0.33566013    0.02241401    0.02241401
  -4.74716    0.01707202    0.34991458    0.33186868    0.04669884    0.04669884
  -4.71995    0.01676645    0.35736921    0.32552710    0.10943813    0.10943813
  -4.69274    0.01616569    0.36225393    0.30893788    0.20046985    0.20046985
  -4.66553    0.01552489    0.36922503    0.29135674    0.26192084    0.26192084
  -4.63832    0.01475538    0.37844184    0.27632490    0.28450871    0.28450871
  -4.61111    0.01376926    0.38737807    0.25519118    0.28082195    0.28082195
  -4.58390    0.01291922    0.39438814    0.22923273    0.26706105    0.26706105
  -4.55668    0.01254652    0.39887163    0.20643091    0.27391315    0.27391315
  -4.52947    0.01251868    0.40046090    0.18795972    0.29626268    0.29626268
  -4.50226    0.01241470    0.39892402    0.17026117    0.30358139    0.30358139
  -4.47505    0.01211789    0.39697778    0.15200979    0.29519531    0.29519531
  -4.44784    0.01172918    0.39412120    0.13413732    0.27878460    0.27878460
  -4.42063    0.01140966    0.39004138    0.11672854    0.25416014    0.25416011
  -4.39342    0.01138326    0.39658496    0.09960988    0.24340232    0.24340230
  -4.36620    0.01149694    0.41405463    0.08425745    0.25446084    0.25446084
  -4.33899    0.01157194    0.43315336    0.07114779    0.27457526    0.27457526
  -4.31178    0.01182083    0.45035961    0.06005342    0.29420745    0.29420748
  -4.28457    0.01239716    0.46181521    0.05107012    0.31363481    0.31363484
  -4.25736    0.01322648    0.45400062    0.04415356    0.33604908    0.33604908
  -4.23015    0.01421743    0.42007133    0.03913592    0.36134407    0.36134407
  -4.20294    0.01529868    0.38185090    0.03571019    0.38925305    0.38925305
  -4.17572    0.01641745    0.35325372    0.03346624    0.41291073    0.41291079
  -4.14851    0.01761517    0.33211285    0.03162838    0.43329230    0.43329233
  -4.12130    0.01895361    0.31503627    0.02958924    0.45998472    0.45998472
  -4.09409    0.02044583    0.30030760    0.02763878    0.48844287    0.48844287
  -4.06688    0.02201528    0.28764850    0.02579570    0.51494926    0.51494926
  -4.03967    0.02358785    0.27601185    0.02402559    0.53640985    0.53640985
  -4.01246    0.02517532    0.26618001    0.02265862    0.55509138    0.55509138
  -3.98524    0.02679268    0.26113310    0.02188102    0.57287347    0.57287347
  -3.95803    0.02846215    0.26245832    0.02138247    0.59103084    0.59103084
  -3.93082    0.03032120    0.26964369    0.02087417    0.61277425    0.61277425
  -3.90361    0.03237786    0.27979800    0.02029225    0.63595259    0.63595259
  -3.87640    0.03453346    0.28938237    0.01960033    0.65785545    0.65785539
  -3.84919    0.03674522    0.29608202    0.01875949    0.67975718    0.67975718
  -3.82198    0.03897632    0.29780161    0.01776214    0.70187676    0.70187676
  -3.79476    0.04127058    0.29553193    0.01669623    0.72402996    0.72402996
  -3.76755    0.04384260    0.29373121    0.01566712    0.74854726    0.74854726
  -3.74034    0.04677990    0.29389590    0.01469927    0.77656138    0.77656132
  -3.71313    0.04997314    0.29464650    0.01380347    0.80911320    0.80911320
  -3.68592    0.05341571    0.29555267    0.01288729    0.84711939    0.84711921
  -3.65871    0.05706530    0.29685825    0.01177104    0.88768852    0.88768852
  -3.63150    0.06084873    0.29903427    0.01048814    0.92966551    0.92966551
  -3.60429    0.06488116    0.30220452    0.00920546    0.97949100    0.97949100
  -3.57707    0.06935612    0.30560285    0.00803643    1.04812479    1.04812479
  -3.54986    0.07451443    0.30833599    0.00703495    1.14872193    1.14872193
  -3.52265    0.08059560    0.30991596    0.00620493    1.25547326    1.25547326
  -3.49544    0.08734110    0.31045255    0.00551451    1.31028211    1.31028211
  -3.46823    0.09420647    0.31051654    0.00490211    1.31992590    1.31992590
  -3.44102    0.10147630    0.31149042    0.00437057    1.32172334    1.32172334
  -3.41381    0.10970350    0.31323251    0.00399860    1.31883597    1.31883597
  -3.38659    0.11901267    0.31467217    0.00373899    1.29948294    1.29948294
  -3.35938    0.12993641    0.31797296    0.00347195    1.25985575    1.25985575
  -3.33217    0.14363027    0.32253024    0.00323413    1.18105674    1.18105674
  -3.30496    0.15958139    0.32339934    0.00307589    1.06231201    1.06231201
  -3.27775    0.17570339    0.32008773    0.00296651    0.95298547    0.95298547
  -3.25054    0.19263075    0.31740654    0.00286903    0.87489337    0.87489337
  -3.22333    0.21409950    0.31826809    0.00279386    0.81510264    0.81510264
  -3.19611    0.24586432    0.32181421    0.00276435    0.76470089    0.76470083
  -3.16890    0.28837928    0.32440192    0.00278805    0.71914119    0.71914119
  -3.14169    0.34022391    0.32346371    0.00286450    0.67670900    0.67670900
  -3.11448    0.41729677    0.32048300    0.00300699    0.63869774    0.63869774
  -3.08727    0.49914187    0.31858101    0.00324707    0.60484749    0.60484749
  -3.06006    0.53571177    0.32396117    0.00365769    0.57062995    0.57062995
  -3.03285    0.59627718    0.33757898    0.00449905    0.53553176    0.53553176
  -3.00563    0.92450339    0.35008726    0.00621464    0.51495600    0.51495606
  -2.97842    1.72098935    0.35951692    0.00802899    0.51306778    0.51306778
  -2.95121    2.31174016    0.36387387    0.00771401    0.50375348    0.50375348
  -2.92400    1.93916702    0.36149326    0.00562473    0.49060723    0.49060723
  -2.89679    1.32554531    0.36033100    0.00427189    0.49390510    0.49390510
  -2.86958    1.02554834    0.36542198    0.00409075    0.50670892    0.50670892
  -2.84237    0.90611285    0.37366825    0.00436290    0.52031219    0.52031219
  -2.81515    0.84401363    0.38003716    0.00484369    0.54029649    0.54029649
  -2.78794    0.81796783    0.38370383    0.00554723    0.57117337    0.57117337
  -2.76073    0.81759930    0.37586600    0.00652304    0.60789406    0.60789406
  -2.73352    0.82453364    0.32775268    0.00773212    0.64475763    0.64475763
  -2.70631    0.83884698    0.23797472    0.00915658    0.68396086    0.68396086
  -2.67910    0.86176497    0.14423402    0.01118023    0.77149796    0.77149796
  -2.65189    0.88545215    0.07493077    0.01356318    1.02766645    1.02766645
  -2.62468    0.89907980    0.04639845    0.01562666    1.52039123    1.52039123
  -2.59746    0.91633254    0.04700726    0.01854808    2.09739852    2.09739852
  -2.57025    0.96476996    0.05511763    0.02289071    2.54786372    2.54786372
  -2.54304    1.05597603    0.06145169    0.02855935    2.99405217    2.99405217
  -2.51583    1.11021173    0.06403976    0.03620396    3.36661053    3.36661053
  -2.48862    1.01447690    0.06482829    0.04793550    3.29274225    3.29274225
  -2.46141    0.84125906    0.06797589    0.07240757    2.85635853    2.85635853
  -2.43420    0.71618772    0.07409053    0.11601857    2.37065935    2.37065935
  -2.40698    0.64794141    0.08068668    0.16364396    1.91973948    1.91973960
  -2.37977    0.60092825    0.08659949    0.20047145    1.45596063    1.45596063
  -2.35256    0.56025040    0.09250334    0.23240483    1.04870903    1.04870903
  -2.32535    0.52456969    0.09775248    0.26541153    0.80426008    0.80426008
  -2.29814    0.49538979    0.10139345    0.29004017    0.67075300    0.67075300
  -2.27093    0.47839546    0.10379702    0.29615170    0.57550293    0.57550293
  -2.24372    0.48181158    0.10575945    0.29518715    0.51359779    0.51359779
  -2.21650    0.48905477    0.10694601    0.29062200    0.48503721    0.48503721
  -2.18929    0.48259026    0.10698288    0.28368112    0.47698474    0.47698474
  -2.16208    0.50483024    0.10703902    0.28351063    0.48460421    0.48460421
  -2.13487    0.58728439    0.10875732    0.30114877    0.50513375    0.50513369
  -2.10766    0.72615755    0.11391848    0.35428590    0.53243101    0.53243101
  -2.08045    0.93323225    0.12374674    0.46187809    0.56746417    0.56746417
  -2.05324    1.16809559    0.13794334    0.58614850    0.60569555    0.60569555
  -2.02602    1.36519682    0.15734790    0.64336562    0.63560861    0.63560861
  -1.99881    1.54651809    0.17876299    0.61574256    0.65601879    0.65601879
  -1.97160    1.67888522    0.19105265    0.52211350    0.67007977    0.67007983
  -1.94439    1.65692878    0.19258325    0.39425606    0.68223011    0.68223011
  -1.91718    1.44302833    0.19013141    0.27016851    0.68697733    0.68697727
  -1.88997    1.19310713    0.18716934    0.18324865    0.68410790    0.68410790
  -1.86276    1.03851080    0.18551664    0.13704307    0.68154961    0.68154955
  -1.83554    0.95771068    0.18413609    0.11098175    0.68246341    0.68246335
  -1.80833    0.90379155    0.18084426    0.09051552    0.68648350    0.68648344
  -1.78112    0.86056483    0.17793073    0.07407886    0.69313014    0.69313014
  -1.75391    0.82287359    0.17653289    0.06148774    0.70042229    0.70042235
  -1.72670    0.79318333    0.17613444    0.05165663    0.70866060    0.70866066
  -1.69949    0.77164108    0.17701867    0.04406121    0.72011048    0.72011048
  -1.67228    0.74572110    0.17876673    0.03769681    0.73360640    0.73360640
  -1.64506    0.69948053    0.18197641    0.03208601    0.74527967    0.74527967
  -1.61785    0.64241379    0.19110052    0.02819991    0.75358665    0.75358671
  -1.59064    0.60903013    0.21076281    0.02664237    0.76166278    0.76166278
  -1.56343    0.57482857    0.24606304    0.02740902    0.77257466    0.77257466
  -1.53622    0.48406693    0.30906084    0.03160414    0.78846848    0.78846848
  -1.50901    0.35927883    0.41041639    0.04028101    0.81125450    0.81125450
  -1.48180    0.26579818    0.52806860    0.05166814    0.83811164    0.83811164
  -1.45458    0.21811658    0.62202424    0.06352769    0.86390865    0.86390865
  -1.42737    0.19447851    0.69428849    0.07605276    0.88815671    0.88815671
  -1.40016    0.17922390    0.77224457    0.08978257    0.91234583    0.91234583
  -1.37295    0.16679768    0.86770689    0.10376357    0.93498850    0.93498850
  -1.34574    0.15485922    0.96032405    0.11651014    0.95538378    0.95538378
  -1.31853    0.14294942    1.04256833    0.12846483    0.98126477    0.98126477
  -1.29132    0.13148724    1.14091301    0.14069501    1.01877010    1.01877010
  -1.26411    0.12014800    1.25538290    0.15306862    1.06936717    1.06936717
  -1.23689    0.10865809    1.34887564    0.16479661    1.13190937    1.13190937
  -1.20968    0.09705586    1.40828037    0.17579055    1.20422709    1.20422709
  -1.18247    0.08608590    1.46009731    0.18670358    1.29658473    1.29658484
  -1.15526    0.07642382    1.54377794    0.19775383    1.41615665    1.41615677
  -1.12805    0.06776515    1.68448603    0.20824037    1.52254403    1.52254403
  -1.10084    0.05930247    1.88312948    0.21750790    1.56669354    1.56669354
  -1.07363    0.05130427    2.06884599    0.22679593    1.56163847    1.56163847
  -1.04641    0.04410977    2.12176657    0.23765366    1.53540146    1.53540146
  -1.01920    0.03765406    1.99761510    0.24962075    1.47494411    1.47494411
  -0.99199    0.03190131    1.72662723    0.26119339    1.37686157    1.37686157
  -0.96478    0.02712649    1.44380772    0.27337149    1.28930581    1.28930581
  -0.93757    0.02340677    1.22360504    0.28707144    1.24901199    1.24901187
  -0.91036    0.02037720    1.04493153    0.30342233    1.23503101    1.23503101
  -0.88315    0.01791758    0.87933493    0.32847926    1.19453132    1.19453132
  -0.85593    0.01605719    0.70511913    0.36237001    1.11362946    1.11362946
  -0.82872    0.01452632    0.53139907    0.38871652    1.04053497    1.04053497
  -0.80151    0.01303610    0.40071794    0.39144468    1.01754558    1.01754558
  -0.77430    0.01180962    0.31018078    0.38297328    1.05833387    1.05833387
  -0.74709    0.01145456    0.24609900    0.40277871    1.11402905    1.11402905
  -0.71988    0.01176717    0.19397545    0.45210400    1.10049176    1.10049176
  -0.69267    0.01170493    0.13148426    0.48964557    1.05517769    1.05517769
  -0.66545    0.01109356    0.07919084    0.50003314    1.00608540    1.00608540
  -0.63824    0.01059035    0.05089882    0.49488708    0.89441496    0.89441496
  -0.61103    0.01049540    0.03551882    0.48091763    0.71320266    0.71320266
  -0.58382    0.01075067    0.02522152    0.46439141    0.54245114    0.54245114
  -0.55661    0.01125599    0.01794418    0.45542184    0.41685063    0.41685063
  -0.52940    0.01189736    0.01308011    0.45542213    0.32401237    0.32401237
  -0.50219    0.01263174    0.01011285    0.46174985    0.24968849    0.24968849
  -0.47497    0.01353696    0.00854567    0.47534561    0.18315044    0.18315044
  -0.44776    0.01473682    0.00797226    0.49912396    0.12332427    0.12332427
  -0.42055    0.01616432    0.00789233    0.52971786    0.07265306    0.07265306
  -0.39334    0.01723401    0.00752508    0.54222751    0.03257237    0.03257237
  -0.36613    0.01761352    0.00657563    0.52221900    0.01044130    0.01044130
  -0.33892    0.01797167    0.00572194    0.50059336    0.00337421    0.00337421
  -0.31171    0.01863392    0.00521889    0.49211520    0.00184882    0.00184882
  -0.28449    0.01941499    0.00485323    0.48886651    0.00145750    0.00145750
  -0.25728    0.02006346    0.00452490    0.48613805    0.00125126    0.00125126
  -0.23007    0.01988288    0.00421507    0.47914118    0.00109575    0.00109575
  -0.20286    0.01807498    0.00391903    0.46246168    0.00096960    0.00096960
  -0.17565    0.01505171    0.00363498    0.43821952    0.00086557    0.00086557
  -0.14844    0.01217005    0.00336261    0.41516790    0.00077814    0.00077814
  -0.12123    0.01031123    0.00310171    0.39934146    0.00070239    0.00070239
  -0.09401    0.00922055    0.00285262    0.38879475    0.00063481    0.00063481
  -0.06680    0.00838357    0.00261589    0.37969184    0.00057347    0.00057347
  -0.03959    0.00760642    0.00239191    0.37063369    0.00051755    0.00051755
  -0.01238    0.00686105    0.00218228    0.36155084    0.00046687    0.00046687
   0.01483    0.00614461    0.00199024    0.35240769    0.00042157    0.00042157
   0.04204    0.00546776    0.00182083    0.34327823    0.00038185    0.00038185
   0.06925    0.00489368    0.00167691    0.33515364    0.00034773    0.00034773
   0.09646    0.00447370    0.00155359    0.32887772    0.00031857    0.00031857
   0.12368    0.00415529    0.00144318    0.32374594    0.00029343    0.00029343
   0.15089    0.00387187    0.00134060    0.31870320    0.00027146    0.00027146
   0.17810    0.00360271    0.00124331    0.31339639    0.00025199    0.00025199
   0.20531    0.00334626    0.00115070    0.30810228    0.00023447    0.00023447
   0.23252    0.00310301    0.00106307    0.30309710    0.00021862    0.00021862
   0.25973    0.00287260    0.00098050    0.29837796    0.00020440    0.00020440
   0.28694    0.00265541    0.00090288    0.29395494    0.00019169    0.00019169
   0.31416    0.00245287    0.00083009    0.28984129    0.00018022    0.00018022
   0.34137    0.00226539    0.00076188    0.28579101    0.00016969    0.00016969
   0.36858    0.00209507    0.00069822    0.28164843    0.00015985    0.00015985
   0.39579    0.00194962    0.00063936    0.27764797    0.00015060    0.00015060
   0.42300    0.00183215    0.00058538    0.27401978    0.00014185    0.00014185
   0.45021    0.00173092    0.00053615    0.27062383    0.00013356    0.00013356
   0.47742    0.00163538    0.00049162    0.26738039    0.00012582    0.00012582
   0.50464    0.00154303    0.00045169    0.26437673    0.00011876    0.00011876
   0.53185    0.00145324    0.00041587    0.26164654    0.00011246    0.00011246
   0.55906    0.00136527    0.00038334    0.25912431    0.00010683    0.00010683
   0.58627    0.00127949    0.00035336    0.25667360    0.00010172    0.00010172
   0.61348    0.00119687    0.00032546    0.25413272    0.00009700    0.00009700
   0.64069    0.00111835    0.00029930    0.25134435    0.00009258    0.00009258
   0.66790    0.00104472    0.00027451    0.24818140    0.00008837    0.00008837
   0.69512    0.00097691    0.00025092    0.24479501    0.00008429    0.00008429
   0.72233    0.00091626    0.00022874    0.24155784    0.00008036    0.00008036
   0.74954    0.00086343    0.00020814    0.23857704    0.00007671    0.00007671
   0.77675    0.00081747    0.00018910    0.23588358    0.00007344    0.00007344
   0.80396    0.00077615    0.00017164    0.23358028    0.00007054    0.00007054
   0.83117    0.00073738    0.00015568    0.23150636    0.00006787    0.00006787
   0.85838    0.00070027    0.00014112    0.22940865    0.00006534    0.00006534
   0.88559    0.00066479    0.00012789    0.22720399    0.00006288    0.00006288
   0.91281    0.00063134    0.00011595    0.22493872    0.00006050    0.00006050
   0.94002    0.00060054    0.00010522    0.22277439    0.00005822    0.00005822
   0.96723    0.00057272    0.00009552    0.22095442    0.00005610    0.00005610
   0.99444    0.00054626    0.00008664    0.21947999    0.00005421    0.00005421
   1.02165    0.00051811    0.00007840    0.21804857    0.00005255    0.00005255
   1.04886    0.00048809    0.00007074    0.21654606    0.00005104    0.00005104
   1.07607    0.00045832    0.00006364    0.21495050    0.00004982    0.00004982
   1.10329    0.00043148    0.00005708    0.21312025    0.00005028    0.00005028
   1.13050    0.00041174    0.00005100    0.21084936    0.00005729    0.00005729
   1.15771    0.00040493    0.00004534    0.20801850    0.00007917    0.00007917
   1.18492    0.00041557    0.00004010    0.20489447    0.00012060    0.00012060
   1.21213    0.00044088    0.00003531    0.20192277    0.00017605    0.00017605
   1.23934    0.00046925    0.00003099    0.19932373    0.00023500    0.00023500
   1.26655    0.00049202    0.00002715    0.19721700    0.00029237    0.00029237
   1.29377    0.00051296    0.00002379    0.19561486    0.00035274    0.00035274
   1.32098    0.00054201    0.00002088    0.19430333    0.00042432    0.00042432
   1.34819    0.00058399    0.00001837    0.19318564    0.00050997    0.00050997
   1.37540    0.00063776    0.00001618    0.19241859    0.00060431    0.00060431
   1.40261    0.00069951    0.00001425    0.19191311    0.00069885    0.00069885
   1.42982    0.00076449    0.00001250    0.19121148    0.00079160    0.00079160
   1.45703    0.00083161    0.00001088    0.19033505    0.00089333    0.00089333
   1.48425    0.00090278    0.00000940    0.18961979    0.00102694    0.00102694
   1.51146    0.00097833    0.00000804    0.18859716    0.00121270    0.00121270
   1.53867    0.00105785    0.00000681    0.18636440    0.00144552    0.00144552
   1.56588    0.00114305    0.00000573    0.18333422    0.00170291    0.00170291
   1.59309    0.00123422    0.00000479    0.18033114    0.00196831    0.00196831
   1.62030    0.00133258    0.00000399    0.17805299    0.00223054    0.00223054
   1.64751    0.00146011    0.00000330    0.17677061    0.00244581    0.00244581
   1.67473    0.00171730    0.00000267    0.17446664    0.00242512    0.00242512
   1.70194    0.00243905    0.00000210    0.17050497    0.00203462    0.00203462
   1.72915    0.00393143    0.00000167    0.16818215    0.00150959    0.00150959
   1.75636    0.00570782    0.00000140    0.16606452    0.00104538    0.00104538
   1.78357    0.00696646    0.00000126    0.16183910    0.00076424    0.00076424
   1.81078    0.00769700    0.00000122    0.15894927    0.00080570    0.00080570
   1.83799    0.00843062    0.00000125    0.15809202    0.00113683    0.00113683
   1.86521    0.00944833    0.00000138    0.15805189    0.00163129    0.00163129
   1.89242    0.01065848    0.00000163    0.15838762    0.00212979    0.00212979
   1.91963    0.01183585    0.00000197    0.15873659    0.00251915    0.00251915
   1.94684    0.01279336    0.00000238    0.16099344    0.00280378    0.00280378
   1.97405    0.01346358    0.00000283    0.16613831    0.00303252    0.00303252
   2.00126    0.01391400    0.00000333    0.16917560    0.00318510    0.00318510
   2.02847    0.01437312    0.00000389    0.16509809    0.00325094    0.00325094
   2.05569    0.01500701    0.00000446    0.15588993    0.00331072    0.00331072
   2.08290    0.01571736    0.00000503    0.14825688    0.00339591    0.00339591
   2.11011    0.01632145    0.00000561    0.14810926    0.00347143    0.00347143
   2.13732    0.01683065    0.00000625    0.14798248    0.00352987    0.00352987
   2.16453    0.01737773    0.00000693    0.12482697    0.00359227    0.00359227
   2.19174    0.01799857    0.00000765    0.07583473    0.00367003    0.00367003
   2.21895    0.01863540    0.00000836    0.03144469    0.00375895    0.00375895
   2.24617    0.01926800    0.00000905    0.01084227    0.00385322    0.00385322
   2.27338    0.01990618    0.00000972    0.00533888    0.00395171    0.00395171
   2.30059    0.02054357    0.00001036    0.00380213    0.00405581    0.00405581
   2.32780    0.02114814    0.00001100    0.00283222    0.00416378    0.00416378
   2.35501    0.02167804    0.00001167    0.00206233    0.00427077    0.00427077
   2.38222    0.02215130    0.00001233    0.00153139    0.00437409    0.00437409
   2.40943    0.02263371    0.00001296    0.00120172    0.00447462    0.00447462
   2.43664    0.02314360    0.00001357    0.00099254    0.00457322    0.00457322
   2.46386    0.02365806    0.00001414    0.00085857    0.00466929    0.00466929
   2.49107    0.02415580    0.00001468    0.00078393    0.00476273    0.00476273
   2.51828    0.02462901    0.00001518    0.00075295    0.00485470    0.00485470
   2.54549    0.02509420    0.00001566    0.00074723    0.00494646    0.00494646
   2.57270    0.02557668    0.00001611    0.00075564    0.00503952    0.00503952
   2.59991    0.02607647    0.00001653    0.00077382    0.00513506    0.00513506
   2.62712    0.02658047    0.00001691    0.00079916    0.00523175    0.00523175
   2.65434    0.02707903    0.00001724    0.00082984    0.00532744    0.00532744
   2.68155    0.02756546    0.00001752    0.00086491    0.00542228    0.00542228
   2.70876    0.02803845    0.00001774    0.00090363    0.00551784    0.00551784
   2.73597    0.02850414    0.00001791    0.00094519    0.00561449    0.00561449
   2.76318    0.02897632    0.00001804    0.00098919    0.00571046    0.00571046
   2.79039    0.02947451    0.00001814    0.00103561    0.00580341    0.00580341
   2.81760    0.03000159    0.00001824    0.00108424    0.00589244    0.00589244
   2.84482    0.03053626    0.00001831    0.00113447    0.00597851    0.00597851
   2.87203    0.03106230    0.00001833    0.00118560    0.00606346    0.00606346
   2.89924    0.03157791    0.00001832    0.00123725    0.00614916    0.00614916
   2.92645    0.03208665    0.00001827    0.00128978    0.00623596    0.00623596
   2.95366    0.03258825    0.00001819    0.00134352    0.00632209    0.00632209
   2.98087    0.03308041    0.00001807    0.00139838    0.00640691    0.00640691
   3.00808    0.03356694    0.00001793    0.00145442    0.00649186    0.00649186
   3.03530    0.03406516    0.00001778    0.00151209    0.00657747    0.00657747
   3.06251    0.03459179    0.00001764    0.00157176    0.00666225    0.00666225
   3.08972    0.03513879    0.00001749    0.00163313    0.00674521    0.00674521
   3.11693    0.03569144    0.00001733    0.00169581    0.00682636    0.00682636
   3.14414    0.03624348    0.00001716    0.00175973    0.00690541    0.00690541
   3.17135    0.03679291    0.00001697    0.00182502    0.00698220    0.00698220
   3.19856    0.03734158    0.00001677    0.00189210    0.00705793    0.00705793
   3.22577    0.03789687    0.00001657    0.00196184    0.00713564    0.00713564
   3.25299    0.03846526    0.00001635    0.00203482    0.00721592    0.00721592
   3.28020    0.03904991    0.00001614    0.00211052    0.00729564    0.00729564
   3.30741    0.03966530    0.00001595    0.00218853    0.00737496    0.00737496
   3.33462    0.04032147    0.00001579    0.00226866    0.00745614    0.00745614
   3.36183    0.04099946    0.00001566    0.00235008    0.00753806    0.00753806
   3.38904    0.04168279    0.00001557    0.00243217    0.00761771    0.00761771
   3.41626    0.04237015    0.00001552    0.00251474    0.00769397    0.00769397
   3.44347    0.04306342    0.00001553    0.00259792    0.00776724    0.00776724
   3.47068    0.04376503    0.00001560    0.00268201    0.00783759    0.00783759
   3.49789    0.04447788    0.00001572    0.00276741    0.00790514    0.00790514
   3.52510    0.04520885    0.00001592    0.00285507    0.00797182    0.00797182
   3.55231    0.04597664    0.00001619    0.00294684    0.00804122    0.00804122
   3.57952    0.04681065    0.00001655    0.00304481    0.00811642    0.00811642
   3.60673    0.04772907    0.00001700    0.00314995    0.00819990    0.00819990
   3.63395    0.04872788    0.00001758    0.00326228    0.00829358    0.00829358
   3.66116    0.04979300    0.00001831    0.00338067    0.00839454    0.00839454
   3.68837    0.05091098    0.00001918    0.00350256    0.00849787    0.00849787
   3.71558    0.05208639    0.00002023    0.00362691    0.00860298    0.00860298
   3.74279    0.05333307    0.00002147    0.00375394    0.00871042    0.00871042
   3.77000    0.05466343    0.00002291    0.00388374    0.00882059    0.00882059
   3.79721    0.05611025    0.00002459    0.00401778    0.00893626    0.00893626
   3.82443    0.05776225    0.00002655    0.00416144    0.00906517    0.00906517
   3.85164    0.05974910    0.00002886    0.00432119    0.00922246    0.00922246
   3.87885    0.06221282    0.00003162    0.00449898    0.00942986    0.00942986
   3.90606    0.06539597    0.00003501    0.00469712    0.00972322    0.00972322
   3.93327    0.06948517    0.00003922    0.00492236    0.01013283    0.01013283
   3.96048    0.07394546    0.00004411    0.00518069    0.01058967    0.01058967
   3.98769    0.07722482    0.00004901    0.00546571    0.01089164    0.01089164
   4.01491    0.07843503    0.00005329    0.00576552    0.01089649    0.01089649
   4.04212    0.07840918    0.00005693    0.00607011    0.01065077    0.01065077
   4.06933    0.07773171    0.00006008    0.00635530    0.01023784    0.01023784
   4.09654    0.07671982    0.00006323    0.00661110    0.00978013    0.00978013
   4.12375    0.07559309    0.00006675    0.00683412    0.00935526    0.00935526
   4.15096    0.07453796    0.00007069    0.00703549    0.00898851    0.00898851
   4.17817    0.07396801    0.00007530    0.00725024    0.00868941    0.00868941
   4.20539    0.07368807    0.00008030    0.00746901    0.00838644    0.00838644
   4.23260    0.07314336    0.00008521    0.00766814    0.00801629    0.00801629
   4.25981    0.07230019    0.00009029    0.00784252    0.00759668    0.00759668
   4.28702    0.07135242    0.00009599    0.00799465    0.00717184    0.00717184
   4.31423    0.07045728    0.00010244    0.00813666    0.00678491    0.00678491
   4.34144    0.06941900    0.00010932    0.00823243    0.00641127    0.00641127
   4.36865    0.06776479    0.00011640    0.00818394    0.00594674    0.00594674
   4.39586    0.06532640    0.00012357    0.00795829    0.00536847    0.00536847
   4.42308    0.06245562    0.00013088    0.00762093    0.00476994    0.00476994
   4.45029    0.05970455    0.00013859    0.00725950    0.00424219    0.00424220
   4.47750    0.05746758    0.00014711    0.00693615    0.00379876    0.00379876
   4.50471    0.05570140    0.00015638    0.00666853    0.00340514    0.00340514
   4.53192    0.05402548    0.00016573    0.00644451    0.00303932    0.00303932
   4.55913    0.05229219    0.00017482    0.00623763    0.00271303    0.00271303
   4.58634    0.05054642    0.00018383    0.00602079    0.00243439    0.00243439
   4.61356    0.04876761    0.00019282    0.00578752    0.00218619    0.00218619
   4.64077    0.04693587    0.00020175    0.00554238    0.00195110    0.00195110
   4.66798    0.04508858    0.00021049    0.00529245    0.00173213    0.00173213
   4.69519    0.04330594    0.00021908    0.00504951    0.00153530    0.00153530
   4.72240    0.04167785    0.00022786    0.00482299    0.00135495    0.00135495
   4.74961    0.04028048    0.00023731    0.00461532    0.00118100    0.00118100
   4.77682    0.03912889    0.00024767    0.00442088    0.00101599    0.00101599
   4.80404    0.03813187    0.00025821    0.00422751    0.00086998    0.00086998
   4.83125    0.03711270    0.00026747    0.00401602    0.00074466    0.00074466
   4.85846    0.03574140    0.00027473    0.00374943    0.00063505    0.00063505
   4.88567    0.03387098    0.00028072    0.00340485    0.00054045    0.00054045
   4.91288    0.03159299    0.00028591    0.00299123    0.00045943    0.00045943
   4.94009    0.02896446    0.00028939    0.00254704    0.00038290    0.00038290
   4.96730    0.02615142    0.00029137    0.00210989    0.00030660    0.00030660
   4.99452    0.02337438    0.00029352    0.00169047    0.00023374    0.00023374
   5.02173    0.02089739    0.00029745    0.00129417    0.00016934    0.00016934
   5.04894    0.01897741    0.00030340    0.00094654    0.00011770    0.00011770
   5.07615    0.01778433    0.00030940    0.00070990    0.00008318    0.00008318
   5.10336    0.01743690    0.00031338    0.00063932    0.00006866    0.00006866
   5.13057    0.01824048    0.00031706    0.00076093    0.00007641    0.00007641
   5.15778    0.02033942    0.00032340    0.00113093    0.00010988    0.00010988
   5.18500    0.02330871    0.00033059    0.00179678    0.00016605    0.00016605
   5.21221    0.02739884    0.00033583    0.00275790    0.00024202    0.00024202
   5.23942    0.03356501    0.00034170    0.00407072    0.00034165    0.00034165
   5.26663    0.04272920    0.00035117    0.00598430    0.00046717    0.00046717
   5.29384    0.05660604    0.00036330    0.00905019    0.00061328    0.00061328
   5.32105    0.07773781    0.00037986    0.01370327    0.00077866    0.00077866
   5.34826    0.09954381    0.00040375    0.01786464    0.00097535    0.00097535
   5.37548    0.10868587    0.00043582    0.01860022    0.00125711    0.00125711
   5.40269    0.10731400    0.00048048    0.01736668    0.00177803    0.00177803
   5.42990    0.10216136    0.00054866    0.01548336    0.00278437    0.00278437
   5.45711    0.09411591    0.00064187    0.01238128    0.00420616    0.00420616
   5.48432    0.08418906    0.00074032    0.00872394    0.00541391    0.00541391
   5.51153    0.07113714    0.00082071    0.00564210    0.00593786    0.00593786
   5.53874    0.05337431    0.00086898    0.00349486    0.00580152    0.00580152
   5.56596    0.03448851    0.00088335    0.00224606    0.00546341    0.00546341
   5.59317    0.01862050    0.00088729    0.00160766    0.00530988    0.00530988
   5.62038    0.00986327    0.00091658    0.00125111    0.00541863    0.00541863
   5.64759    0.00657856    0.00096774    0.00101139    0.00568792    0.00568792
   5.67480    0.00511143    0.00102526    0.00084552    0.00599195    0.00599195
   5.70201    0.00420268    0.00108803    0.00074017    0.00632628    0.00632628
   5.72922    0.00354031    0.00115935    0.00067728    0.00677658    0.00677658
   5.75643    0.00302079    0.00124498    0.00063429    0.00768902    0.00768902
   5.78365    0.00262069    0.00135013    0.00059747    0.00994236    0.00994236
   5.81086    0.00235684    0.00145978    0.00057690    0.01414307    0.01414308
   5.83807    0.00229476    0.00157049    0.00059394    0.01963471    0.01963471
   5.86528    0.00264788    0.00179924    0.00068907    0.02560881    0.02560881
   5.89249    0.00363724    0.00267926    0.00095054    0.03177217    0.03177217
   5.91970    0.00514978    0.00581884    0.00151604    0.03748081    0.03748081
   5.94692    0.00691334    0.01291005    0.00239589    0.04162525    0.04162525
   5.97413    0.00848284    0.02119800    0.00333627    0.04334996    0.04334996
   6.00134    0.00920559    0.02452723    0.00408394    0.04265786    0.04265786
   6.02855    0.00906165    0.02290894    0.00450071    0.04040883    0.04040883
   6.05576    0.00891812    0.02196182    0.00468501    0.03790699    0.03790699
   6.08297    0.00917896    0.02360459    0.00477195    0.03593158    0.03593158
   6.11018    0.00949367    0.02523299    0.00478566    0.03427023    0.03427023
   6.13739    0.00960514    0.02542783    0.00473452    0.03246339    0.03246339
   6.16461    0.00962299    0.02499670    0.00467185    0.03057732    0.03057732
   6.19182    0.00965521    0.02465313    0.00462155    0.02889730    0.02889730
   6.21903    0.00970128    0.02384149    0.00457110    0.02744212    0.02744212
   6.24624    0.00975887    0.02114732    0.00451792    0.02611698    0.02611698
   6.27345    0.00982902    0.01664780    0.00447146    0.02477196    0.02477196
   6.30066    0.00992287    0.01272879    0.00444906    0.02331758    0.02331758
   6.32787    0.01005674    0.01013770    0.00445018    0.02182947    0.02182947
   6.35509    0.01026804    0.00824386    0.00447336    0.02041235    0.02041235
   6.38230    0.01056570    0.00688893    0.00453400    0.01888855    0.01888855
   6.40951    0.01080252    0.00593741    0.00462152    0.01694982    0.01694982
   6.43672    0.01082624    0.00521178    0.00470274    0.01480283    0.01480283
   6.46393    0.01077138    0.00469966    0.00479322    0.01296873    0.01296873
   6.49114    0.01075397    0.00432526    0.00490740    0.01153986    0.01153986
   6.51835    0.01053225    0.00393466    0.00489451    0.01013145    0.01013145
   6.54557    0.00975858    0.00352464    0.00452705    0.00836553    0.00836553
   6.57278    0.00864990    0.00318446    0.00393079    0.00648171    0.00648171
   6.59999    0.00790973    0.00297008    0.00356108    0.00510717    0.00510717
   6.62720    0.00780714    0.00288217    0.00359998    0.00436576    0.00436576
   6.65441    0.00786895    0.00283339    0.00376672    0.00393541    0.00393541
   6.68162    0.00748104    0.00267266    0.00365216    0.00365554    0.00365554
   6.70883    0.00681969    0.00239439    0.00329363    0.00369745    0.00369745
   6.73604    0.00635850    0.00215898    0.00298684    0.00405479    0.00405479
   6.76326    0.00578772    0.00193079    0.00264670    0.00416841    0.00416841
   6.79047    0.00416435    0.00139605    0.00186844    0.00318396    0.00318396
