#  BAND   46          
#EF=   0.00000     NDOS= 5     NENRG=  592    Gaussian bradening: 0.00300
# ENERGY    2:DZ2          2:DXY          2:DX2Y2        2:DXZ+DYZ      2:DXZ+DYZ   
  -9.29051    0.00000000    0.00000000    0.00000000    0.00000000    0.00000000
  -9.26330    0.00000000    0.00000000    0.00000000    0.00000000    0.00000000
  -9.23609    0.00000000    0.00000000    0.00000000    0.00000000    0.00000000
  -9.20888    0.00000000    0.00000000    0.00000000    0.00000000    0.00000000
  -9.18167    0.00000000    0.00000000    0.00000000    0.00000000    0.00000000
  -9.15446    0.00000000    0.00000000    0.00000000    0.00000000    0.00000000
  -9.12725    0.00000000    0.00000000    0.00000000    0.00000000    0.00000000
  -9.10003    0.00000000    0.00000000    0.00000000    0.00000000    0.00000000
  -9.07282    0.00000000    0.00000000    0.00000000    0.00000000    0.00000000
  -9.04561    0.00000000    0.00000000    0.00000000    0.00000000    0.00000000
  -9.01840    0.00000000    0.00000000    0.00000000    0.00000000    0.00000000
  -8.99119    0.00000000    0.00000000    0.00000000    0.00000000    0.00000000
  -8.96398    0.00000000    0.00000000    0.00000000    0.00000000    0.00000000
  -8.93677    0.00000000    0.00000000    0.00000000    0.00000000    0.00000000
  -8.90955    0.00000000    0.00000000    0.00000000    0.00000000    0.00000000
  -8.88234    0.00000000    0.00000000    0.00000000    0.00000000    0.00000000
  -8.85513    0.00000000    0.00000000    0.00000000    0.00000000    0.00000000
  -8.82792    0.00000000    0.00000000    0.00000000    0.00000000    0.00000000
  -8.80071    0.00000000    0.00000000    0.00000000    0.00000000    0.00000000
  -8.77350    0.00000000    0.00000000    0.00000000    0.00000000    0.00000000
  -8.74629    0.00000195    0.00000000    0.00000000    0.00000000    0.00000000
  -8.71908    0.00001188    0.00000000    0.00000001    0.00000000    0.00000000
  -8.69186    0.00004519    0.00000000    0.00000003    0.00000000    0.00000000
  -8.66465    0.00013349    0.00000000    0.00000012    0.00000000    0.00000000
  -8.63744    0.00032035    0.00000000    0.00000038    0.00000001    0.00000001
  -8.61023    0.00063976    0.00000001    0.00000101    0.00000003    0.00000003
  -8.58302    0.00108911    0.00000004    0.00000232    0.00000008    0.00000008
  -8.55581    0.00162301    0.00000009    0.00000471    0.00000018    0.00000018
  -8.52859    0.00217922    0.00000019    0.00000861    0.00000035    0.00000035
  -8.50138    0.00271148    0.00000036    0.00001443    0.00000062    0.00000062
  -8.47417    0.00320198    0.00000061    0.00002261    0.00000102    0.00000102
  -8.44696    0.00365445    0.00000096    0.00003370    0.00000156    0.00000156
  -8.41975    0.00408313    0.00000143    0.00004835    0.00000225    0.00000225
  -8.39254    0.00450326    0.00000201    0.00006710    0.00000312    0.00000312
  -8.36533    0.00492547    0.00000273    0.00009030    0.00000417    0.00000417
  -8.33812    0.00535298    0.00000359    0.00011818    0.00000543    0.00000543
  -8.31090    0.00578442    0.00000460    0.00015121    0.00000689    0.00000689
  -8.28369    0.00622030    0.00000577    0.00019034    0.00000858    0.00000858
  -8.25648    0.00666522    0.00000710    0.00023690    0.00001050    0.00001050
  -8.22927    0.00712610    0.00000863    0.00029222    0.00001269    0.00001269
  -8.20206    0.00760941    0.00001036    0.00035723    0.00001515    0.00001515
  -8.17485    0.00811916    0.00001235    0.00043235    0.00001790    0.00001790
  -8.14764    0.00865683    0.00001460    0.00051788    0.00002097    0.00002097
  -8.12042    0.00922323    0.00001716    0.00061453    0.00002438    0.00002438
  -8.09321    0.00982149    0.00002002    0.00072392    0.00002812    0.00002812
  -8.06600    0.01045892    0.00002323    0.00084853    0.00003222    0.00003222
  -8.03879    0.01114770    0.00002683    0.00099113    0.00003670    0.00003670
  -8.01158    0.01190500    0.00003086    0.00115418    0.00004158    0.00004158
  -7.98437    0.01275600    0.00003539    0.00133970    0.00004688    0.00004688
  -7.95716    0.01373174    0.00004050    0.00154947    0.00005264    0.00005264
  -7.92994    0.01487043    0.00004625    0.00178561    0.00005887    0.00005887
  -7.90273    0.01619013    0.00005275    0.00205105    0.00006558    0.00006558
  -7.87552    0.01764662    0.00006009    0.00235001    0.00007277    0.00007277
  -7.84831    0.01910879    0.00006842    0.00268791    0.00008043    0.00008043
  -7.82110    0.02039799    0.00007787    0.00307076    0.00008858    0.00008858
  -7.79389    0.02138413    0.00008857    0.00350443    0.00009721    0.00009721
  -7.76668    0.02205393    0.00010065    0.00399436    0.00010636    0.00010636
  -7.73946    0.02249280    0.00011424    0.00454599    0.00011603    0.00011603
  -7.71225    0.02281356    0.00012952    0.00516554    0.00012625    0.00012625
  -7.68504    0.02309981    0.00014670    0.00586103    0.00013705    0.00013705
  -7.65783    0.02339139    0.00016605    0.00664290    0.00014847    0.00014847
  -7.63062    0.02369849    0.00018788    0.00752387    0.00016057    0.00016057
  -7.60341    0.02402432    0.00021312    0.00851762    0.00017340    0.00017340
  -7.57620    0.02437104    0.00024762    0.00963701    0.00018702    0.00018702
  -7.54899    0.02474439    0.00030660    0.01089426    0.00020150    0.00020150
  -7.52177    0.02514693    0.00042574    0.01230288    0.00021689    0.00021689
  -7.49456    0.02557833    0.00066944    0.01388236    0.00023327    0.00023327
  -7.46735    0.02604122    0.00111318    0.01566324    0.00025076    0.00025076
  -7.44014    0.02654390    0.00179824    0.01768909    0.00026949    0.00026949
  -7.41293    0.02709902    0.00269126    0.02001265    0.00028967    0.00028967
  -7.38572    0.02771834    0.00369473    0.02268738    0.00031149    0.00031149
  -7.35851    0.02840950    0.00470614    0.02576454    0.00033518    0.00033518
  -7.33129    0.02917670    0.00566680    0.02929923    0.00036097    0.00036097
  -7.30408    0.03002633    0.00656452    0.03337354    0.00038906    0.00038906
  -7.27687    0.03097666    0.00741213    0.03813045    0.00041971    0.00041971
  -7.24966    0.03206604    0.00823143    0.04380740    0.00045321    0.00045321
  -7.22245    0.03335856    0.00904497    0.05077906    0.00048992    0.00048992
  -7.19524    0.03493217    0.00987252    0.05952435    0.00053023    0.00053023
  -7.16803    0.03688596    0.01072760    0.07069810    0.00057454    0.00057454
  -7.14081    0.03933658    0.01161908    0.08508307    0.00062319    0.00062319
  -7.11360    0.04235724    0.01255629    0.10313401    0.00067644    0.00067644
  -7.08639    0.04585014    0.01355147    0.12416793    0.00073451    0.00073451
  -7.05918    0.04945156    0.01462453    0.14589332    0.00079789    0.00079789
  -7.03197    0.05253994    0.01581433    0.16470337    0.00086817    0.00086817
  -7.00476    0.05442341    0.01720953    0.17684296    0.00095023    0.00095023
  -6.97755    0.05459267    0.01893259    0.17978929    0.00105112    0.00105112
  -6.95033    0.05302870    0.02117088    0.17339239    0.00118145    0.00118145
  -6.92312    0.05023955    0.02405215    0.16020824    0.00134805    0.00134805
  -6.89591    0.04689367    0.02740944    0.14428309    0.00154010    0.00154010
  -6.86870    0.04330239    0.03060841    0.12901729    0.00171829    0.00171829
  -6.84149    0.03930131    0.03275314    0.11574830    0.00182592    0.00182592
  -6.81428    0.03465859    0.03326733    0.10392577    0.00182321    0.00182321
  -6.78707    0.02950988    0.03233527    0.09238436    0.00171590    0.00171590
  -6.75985    0.02433847    0.03075257    0.08050235    0.00154967    0.00154967
  -6.73264    0.01965245    0.02939716    0.06861920    0.00138180    0.00138180
  -6.70543    0.01575365    0.02883219    0.05771646    0.00125967    0.00125967
  -6.67822    0.01272565    0.02923574    0.04881081    0.00121695    0.00121695
  -6.65101    0.01048321    0.03052410    0.04235043    0.00127909    0.00127909
  -6.62380    0.00886391    0.03253684    0.03815563    0.00147479    0.00147479
  -6.59659    0.00767315    0.03512169    0.03573184    0.00186875    0.00186875
  -6.56937    0.00676199    0.03823450    0.03458696    0.00261361    0.00261361
  -6.54216    0.00603473    0.04191373    0.03439767    0.00401361    0.00401361
  -6.51495    0.00543148    0.04626912    0.03497328    0.00659025    0.00659025
  -6.48774    0.00491753    0.05145386    0.03622460    0.01093876    0.01093876
  -6.46053    0.00447147    0.05757005    0.03811499    0.01730382    0.01730382
  -6.43332    0.00407844    0.06453326    0.04064031    0.02514794    0.02514794
  -6.40611    0.00372755    0.07205331    0.04383498    0.03323398    0.03323399
  -6.37889    0.00341156    0.07983427    0.04781239    0.04033959    0.04033959
  -6.35168    0.00312618    0.08783062    0.05279981    0.04597946    0.04597946
  -6.32447    0.00286957    0.09626188    0.05918869    0.05046858    0.05046858
  -6.29726    0.00264086    0.10508779    0.06816274    0.05431506    0.05431506
  -6.27005    0.00243757    0.11342070    0.08189492    0.05761407    0.05761406
  -6.24284    0.00225323    0.11949959    0.10577723    0.05991965    0.05991965
  -6.21563    0.00207760    0.12156945    0.15012585    0.06064995    0.06064995
  -6.18842    0.00190175    0.11908382    0.22884901    0.05963067    0.05963067
  -6.16120    0.00172416    0.11307548    0.35182628    0.05728191    0.05728191
  -6.13399    0.00155449    0.10539404    0.51212859    0.05436129    0.05436129
  -6.10678    0.00141199    0.09763332    0.67968398    0.05154488    0.05154488
  -6.07957    0.00131797    0.09067202    0.81027198    0.04921953    0.04921953
  -6.05236    0.00128588    0.08486215    0.86786723    0.04753674    0.04753674
  -6.02515    0.00131578    0.08033862    0.84460932    0.04656066    0.04656066
  -5.99794    0.00139824    0.07711782    0.76259780    0.04637126    0.04637126
  -5.97072    0.00151959    0.07503755    0.65718931    0.04703368    0.04703368
  -5.94351    0.00166125    0.07383685    0.55683470    0.04850745    0.04850745
  -5.91630    0.00179660    0.07324132    0.47466967    0.05053250    0.05053250
  -5.88909    0.00189336    0.07299471    0.41045132    0.05255816    0.05255816
  -5.86188    0.00192421    0.07275371    0.35731143    0.05381794    0.05381794
  -5.83467    0.00187689    0.07201380    0.30705377    0.05357760    0.05357760
  -5.80746    0.00175956    0.07026401    0.25430712    0.05150608    0.05150608
  -5.78024    0.00160119    0.06736663    0.19965333    0.04793521    0.04793521
  -5.75303    0.00144373    0.06380224    0.14835119    0.04371609    0.04371609
  -5.72582    0.00132582    0.06044696    0.10617259    0.03971698    0.03971698
  -5.69861    0.00126889    0.05806445    0.07556137    0.03640084    0.03640084
  -5.67140    0.00127638    0.05696643    0.05534416    0.03379563    0.03379563
  -5.64419    0.00134205    0.05705550    0.04277094    0.03173180    0.03173180
  -5.61698    0.00145791    0.05805216    0.03525263    0.03008843    0.03008843
  -5.58976    0.00161852    0.05966451    0.03098385    0.02888414    0.02888414
  -5.56255    0.00182390    0.06165649    0.02872522    0.02826624    0.02826624
  -5.53534    0.00208218    0.06387560    0.02768083    0.02848835    0.02848835
  -5.50813    0.00240448    0.06622449    0.02733081    0.02980823    0.02980823
  -5.48092    0.00279471    0.06856035    0.02727534    0.03236288    0.03236288
  -5.45371    0.00324005    0.07059953    0.02722417    0.03611304    0.03611304
  -5.42650    0.00371083    0.07193153    0.02704975    0.04090874    0.04090874
  -5.39928    0.00416839    0.07219769    0.02679803    0.04669345    0.04669345
  -5.37207    0.00457615    0.07134813    0.02665049    0.05369966    0.05369966
  -5.34486    0.00490709    0.06976067    0.02684765    0.06287490    0.06287490
  -5.31765    0.00514483    0.06804347    0.02763613    0.07627597    0.07627597
  -5.29044    0.00528309    0.06664010    0.02921533    0.09680796    0.09680796
  -5.26323    0.00532719    0.06558540    0.03163962    0.12727819    0.12727819
  -5.23602    0.00529663    0.06462760    0.03464406    0.16865888    0.16865888
  -5.20881    0.00522379    0.06348933    0.03753539    0.21830243    0.21830243
  -5.18159    0.00514748    0.06195924    0.03936959    0.26896906    0.26896906
  -5.15438    0.00510528    0.05985467    0.03944871    0.31034839    0.31034839
  -5.12717    0.00512841    0.05712133    0.03780399    0.33368835    0.33368835
  -5.09996    0.00524199    0.05413360    0.03521612    0.33699816    0.33699816
  -5.07275    0.00546780    0.05188766    0.03278053    0.32641852    0.32641852
  -5.04554    0.00582547    0.05170974    0.03135556    0.31211677    0.31211677
  -5.01833    0.00632865    0.05465822    0.03122094    0.30273762    0.30273762
  -4.99111    0.00697354    0.06088425    0.03202213    0.30188966    0.30188966
  -4.96390    0.00772677    0.06940649    0.03295114    0.30781108    0.30781108
  -4.93669    0.00851900    0.07829031    0.03313133    0.31499475    0.31499469
  -4.90948    0.00925157    0.08530110    0.03201880    0.31657198    0.31657198
  -4.88227    0.00982136    0.08879049    0.02958577    0.30751488    0.30751488
  -4.85506    0.01015860    0.08839642    0.02621092    0.28689191    0.28689191
  -4.82785    0.01025782    0.08512893    0.02244519    0.25786555    0.25786555
  -4.80063    0.01017715    0.08073497    0.01880239    0.22560318    0.22560318
  -4.77342    0.01000154    0.07675294    0.01562452    0.19483489    0.19483489
  -4.74621    0.00979767    0.07385444    0.01304556    0.16834359    0.16834359
  -4.71900    0.00959500    0.07182633    0.01102859    0.14681107    0.14681107
  -4.69179    0.00939724    0.07005816    0.00946289    0.12972249    0.12972249
  -4.66458    0.00919978    0.06802519    0.00823800    0.11612152    0.11612152
  -4.63737    0.00899888    0.06556401    0.00726884    0.10518043    0.10518043
  -4.61015    0.00879112    0.06280290    0.00649595    0.09625418    0.09625418
  -4.58294    0.00857256    0.06003936    0.00587901    0.08887541    0.08887541
  -4.55573    0.00834055    0.05761958    0.00539304    0.08289881    0.08289881
  -4.52852    0.00809731    0.05581451    0.00503592    0.07827362    0.07827362
  -4.50131    0.00785406    0.05470174    0.00484902    0.07463191    0.07463191
  -4.47410    0.00764094    0.05407977    0.00506287    0.07102755    0.07102755
  -4.44689    0.00751780    0.05356369    0.00614891    0.06636684    0.06636684
  -4.41967    0.00757184    0.05282839    0.00905811    0.06025509    0.06025509
  -4.39246    0.00787656    0.05179563    0.01506163    0.05330732    0.05330732
  -4.36525    0.00842638    0.05059896    0.02497827    0.04658455    0.04658455
  -4.33804    0.00910851    0.04940943    0.03808187    0.04083141    0.04083141
  -4.31083    0.00976530    0.04831644    0.05184592    0.03623381    0.03623381
  -4.28362    0.01029420    0.04732385    0.06325698    0.03264238    0.03264238
  -4.25641    0.01071015    0.04639296    0.07070944    0.02987720    0.02987720
  -4.22919    0.01108596    0.04547156    0.07458556    0.02780510    0.02780510
  -4.20198    0.01143079    0.04450423    0.07620455    0.02630506    0.02630506
  -4.17477    0.01161559    0.04347267    0.07651773    0.02526392    0.02526392
  -4.14756    0.01143306    0.04240159    0.07572100    0.02453854    0.02453854
  -4.12035    0.01075687    0.04133600    0.07365397    0.02398187    0.02398187
  -4.09314    0.00965503    0.04029646    0.07039256    0.02348297    0.02348297
  -4.06593    0.00834362    0.03924733    0.06627552    0.02299809    0.02299809
  -4.03871    0.00704496    0.03810380    0.06178386    0.02254678    0.02254678
  -4.01150    0.00588754    0.03676623    0.05733745    0.02217515    0.02217515
  -3.98429    0.00490357    0.03516464    0.05323870    0.02192392    0.02192393
  -3.95708    0.00407524    0.03328750    0.04970788    0.02181480    0.02181480
  -3.92987    0.00337849    0.03117741    0.04692079    0.02185844    0.02185844
  -3.90266    0.00278999    0.02890190    0.04496884    0.02207218    0.02207218
  -3.87545    0.00229413    0.02651623    0.04375985    0.02246583    0.02246583
  -3.84824    0.00187758    0.02404447    0.04296840    0.02301417    0.02301417
  -3.82102    0.00152678    0.02148736    0.04202831    0.02357578    0.02357578
  -3.79381    0.00122916    0.01885206    0.04027125    0.02385512    0.02385512
  -3.76660    0.00097524    0.01618248    0.03715700    0.02347964    0.02347964
  -3.73939    0.00075892    0.01356328    0.03252916    0.02219828    0.02219828
  -3.71218    0.00057674    0.01110373    0.02678849    0.02006816    0.02006816
  -3.68497    0.00042623    0.00889896    0.02076334    0.01743967    0.01743967
  -3.65776    0.00030505    0.00699808    0.01529920    0.01473938    0.01473938
  -3.63054    0.00021036    0.00539982    0.01087111    0.01225746    0.01225746
  -3.60333    0.00013876    0.00407186    0.00751530    0.01009695    0.01009695
  -3.57612    0.00008660    0.00297836    0.00503844    0.00824159    0.00824159
  -3.54891    0.00005036    0.00209221    0.00323900    0.00663753    0.00663753
  -3.52170    0.00002681    0.00139304    0.00198680    0.00524790    0.00524790
  -3.49449    0.00001280    0.00086357    0.00116369    0.00405310    0.00405310
  -3.46728    0.00000539    0.00048982    0.00066167    0.00305444    0.00305444
  -3.44006    0.00000197    0.00025227    0.00037397    0.00224762    0.00224762
  -3.41285    0.00000062    0.00011968    0.00021539    0.00161401    0.00161401
  -3.38564    0.00000378    0.00005537    0.00012998    0.00112736    0.00112736
  -3.35843    0.00003332    0.00002684    0.00008075    0.00076178    0.00076178
  -3.33122    0.00015348    0.00001417    0.00005055    0.00049473    0.00049473
  -3.30401    0.00052570    0.00000837    0.00003118    0.00030676    0.00030676
  -3.27680    0.00144827    0.00000505    0.00001868    0.00018024    0.00018024
  -3.24958    0.00332211    0.00000296    0.00001109    0.00009978    0.00009978
  -3.22237    0.00649512    0.00000173    0.00000724    0.00005262    0.00005262
  -3.19516    0.01105310    0.00000115    0.00000639    0.00002890    0.00002890
  -3.16795    0.01672850    0.00000107    0.00000800    0.00002138    0.00002138
  -3.14074    0.02303127    0.00000148    0.00001167    0.00002498    0.00002498
  -3.11353    0.02951313    0.00000247    0.00001703    0.00003653    0.00003653
  -3.08632    0.03596672    0.00000429    0.00002377    0.00005447    0.00005447
  -3.05910    0.04244870    0.00000732    0.00003167    0.00007848    0.00007848
  -3.03189    0.04916681    0.00001205    0.00004059    0.00010907    0.00010907
  -3.00468    0.05635630    0.00001903    0.00005048    0.00014735    0.00014735
  -2.97747    0.06421484    0.00002891    0.00006136    0.00019482    0.00019482
  -2.95026    0.07287022    0.00004239    0.00007317    0.00025320    0.00025320
  -2.92305    0.08240267    0.00006028    0.00008582    0.00032435    0.00032435
  -2.89584    0.09291264    0.00008349    0.00009930    0.00041020    0.00041020
  -2.86862    0.10458452    0.00011309    0.00011367    0.00051306    0.00051306
  -2.84141    0.11815792    0.00015046    0.00012899    0.00063595    0.00063595
  -2.81420    0.13519469    0.00019742    0.00014524    0.00078341    0.00078341
  -2.78699    0.15952089    0.00025682    0.00016243    0.00096321    0.00096321
  -2.75978    0.19843014    0.00033338    0.00018072    0.00118998    0.00118998
  -2.73257    0.26175508    0.00043377    0.00020052    0.00149069    0.00149069
  -2.70536    0.35784337    0.00056651    0.00022243    0.00191127    0.00191127
  -2.67814    0.48678470    0.00073655    0.00024708    0.00251923    0.00251923
  -2.65093    0.63614517    0.00093591    0.00027488    0.00339284    0.00339284
  -2.62372    0.78343213    0.00113795    0.00030601    0.00459688    0.00459688
  -2.59651    0.90518034    0.00130629    0.00034046    0.00615906    0.00615906
  -2.56930    0.98767823    0.00141595    0.00037903    0.00806585    0.00806585
  -2.54209    1.03143394    0.00146847    0.00042282    0.01028088    0.01028088
  -2.51488    1.04691625    0.00148641    0.00047398    0.01277074    0.01277074
  -2.48767    1.04502428    0.00149669    0.00053161    0.01552150    0.01552150
  -2.46045    1.03119946    0.00152028    0.00058668    0.01854376    0.01854376
  -2.43324    1.00533140    0.00157545    0.00062096    0.02187119    0.02187119
  -2.40603    0.96665549    0.00168867    0.00061638    0.02582030    0.02582030
  -2.37882    0.91827023    0.00190077    0.00056956    0.03129248    0.03129248
  -2.35161    0.86709601    0.00229663    0.00049662    0.04062586    0.04062586
  -2.32440    0.82036990    0.00306484    0.00042258    0.05857107    0.05857107
  -2.29719    0.78193742    0.00464609    0.00036669    0.09210487    0.09210487
  -2.26997    0.75189865    0.00795461    0.00033768    0.14776997    0.14776997
  -2.24276    0.72876102    0.01454189    0.00033852    0.22773249    0.22773249
  -2.21555    0.71130061    0.02607701    0.00037250    0.32825482    0.32825482
  -2.18834    0.69949085    0.04343329    0.00044859    0.44318751    0.44318751
  -2.16113    0.69387949    0.06600814    0.00057965    0.56894737    0.56894737
  -2.13392    0.69547004    0.09221566    0.00078413    0.70772475    0.70772475
  -2.10671    0.70436138    0.12079908    0.00107738    0.86527950    0.86527950
  -2.07949    0.71771467    0.15176077    0.00145045    1.04448223    1.04448223
  -2.05228    0.72817290    0.18610063    0.00184657    1.23882878    1.23882878
  -2.02507    0.72499847    0.22457588    0.00216438    1.43070471    1.43070471
  -1.99786    0.69862407    0.26609421    0.00230388    1.59996486    1.59996486
  -1.97065    0.64559060    0.30680922    0.00222491    1.73152542    1.73152542
  -1.94344    0.56995678    0.34190267    0.00196588    1.81140554    1.81140554
  -1.91623    0.48040229    0.36821955    0.00161180    1.81677270    1.81677282
  -1.88901    0.38721240    0.38625661    0.00125289    1.72494245    1.72494245
  -1.86180    0.30090684    0.39995068    0.00096454    1.54194665    1.54194665
  -1.83459    0.23129541    0.41422141    0.00080445    1.32122099    1.32122099
  -1.80738    0.18532452    0.43224457    0.00080950    1.14253306    1.14253306
  -1.78017    0.16423284    0.45341983    0.00098591    1.06803119    1.06803119
  -1.75296    0.16367929    0.47396529    0.00131080    1.11613894    1.11613894
  -1.72575    0.17689349    0.49147236    0.00174966    1.27333510    1.27333510
  -1.69853    0.19797309    0.50885111    0.00227932    1.51470816    1.51470816
  -1.67132    0.22306438    0.53208435    0.00289512    1.81145394    1.81145394
  -1.64411    0.24981606    0.56348616    0.00359636    2.11942434    2.11942434
  -1.61690    0.27665403    0.59807402    0.00436496    2.37619448    2.37619448
  -1.58969    0.30253568    0.62760764    0.00516853    2.52274132    2.52274084
  -1.56248    0.32720882    0.64884877    0.00598850    2.53703833    2.53703833
  -1.53527    0.35097483    0.66658479    0.00684324    2.44569135    2.44569111
  -1.50805    0.37449908    0.68899262    0.00777736    2.30369639    2.30369639
  -1.48084    0.39849117    0.72095799    0.00883134    2.16092801    2.16092801
  -1.45363    0.42351422    0.76117098    0.01002516    2.04368281    2.04368281
  -1.42642    0.44994587    0.80466712    0.01137130    1.95649946    1.95649946
  -1.39921    0.47787428    0.84772414    0.01289509    1.89474332    1.89474332
  -1.37200    0.50734597    0.89051145    0.01465514    1.85190892    1.85190892
  -1.34479    0.53875041    0.93637705    0.01674482    1.82397640    1.82397640
  -1.31758    0.57312679    0.98896933    0.01929110    1.80773568    1.80773568
  -1.29036    0.61199743    1.04988122    0.02249698    1.80030847    1.80030847
  -1.26315    0.65720940    1.11865783    0.02701878    1.79962063    1.79962063
  -1.23594    0.71150619    1.19484234    0.03455245    1.80578780    1.80578780
  -1.20873    0.77854395    1.28085399    0.04853210    1.82108724    1.82108712
  -1.18152    0.86313367    1.38366544    0.07485029    1.84709978    1.84709978
  -1.15431    0.96730381    1.51394403    0.11946996    1.88214874    1.88214862
  -1.12710    1.08264780    1.68398023    0.18276277    1.92187417    1.92187417
  -1.09988    1.18593514    1.90490758    0.25474656    1.96476793    1.96476793
  -1.07267    1.24688196    2.17861915    0.31814504    2.01600456    2.01600456
  -1.04546    1.24702787    2.48077917    0.35929585    2.08503866    2.08503866
  -1.01825    1.19293547    2.74603987    0.37681365    2.17878962    2.17878962
  -0.99104    1.10942900    2.88211441    0.37952444    2.29976678    2.29976702
  -0.96383    1.02046561    2.81905222    0.37760317    2.44762087    2.44762087
  -0.93662    0.93652844    2.55974698    0.37667525    2.61819458    2.61819434
  -0.90940    0.85534906    2.18332529    0.37818232    2.79848957    2.79848909
  -0.88219    0.76871550    1.79596674    0.38226402    2.96623230    2.96623182
  -0.85498    0.66874373    1.47318983    0.38912544    3.10214472    3.10214472
  -0.82777    0.55183023    1.23741269    0.39854145    3.19715905    3.19715905
  -0.80056    0.42309028    1.07373846    0.40999955    3.24575305    3.24575305
  -0.77335    0.29664484    0.95602673    0.42303646    3.23362684    3.23362684
  -0.74614    0.18934098    0.86275065    0.43760750    3.12949657    3.12949657
  -0.71892    0.11198387    0.78053361    0.45395586    2.89401460    2.89401460
  -0.69171    0.06500246    0.70257455    0.47222966    2.50271630    2.50271630
  -0.66450    0.04110734    0.62660706    0.49236941    1.97573042    1.97573042
  -0.63729    0.03128285    0.55290598    0.51444978    1.39081228    1.39081228
  -0.61008    0.02864555    0.48122996    0.53904378    0.85690838    0.85690838
  -0.58287    0.02909258    0.40957576    0.56730711    0.45751619    0.45751619
  -0.55566    0.03043152    0.33547357    0.60077947    0.21288481    0.21288481
  -0.52844    0.03178373    0.25952491    0.64126229    0.09031519    0.09031519
  -0.50123    0.03334761    0.18700270    0.69072896    0.03978133    0.03978133
  -0.47402    0.03580816    0.12496993    0.75023437    0.02322222    0.02322222
  -0.44681    0.03961622    0.07779421    0.81728482    0.02007335    0.02007335
  -0.41960    0.04457742    0.04569461    0.88359523    0.02072655    0.02072655
  -0.39239    0.05007047    0.02597512    0.93670565    0.02204428    0.02204428
  -0.36518    0.05551733    0.01489801    0.96625900    0.02318184    0.02318184
  -0.33796    0.06060904    0.00900345    0.97027522    0.02406122    0.02406122
  -0.31075    0.06526249    0.00588863    0.95557845    0.02470503    0.02470503
  -0.28354    0.06948917    0.00396511    0.93232208    0.02513440    0.02513440
  -0.25633    0.07337386    0.00279398    0.90814430    0.02541761    0.02541761
  -0.22912    0.07698819    0.00200584    0.88612652    0.02561424    0.02561424
  -0.20191    0.08034243    0.00148685    0.86620462    0.02577719    0.02577719
  -0.17470    0.08340825    0.00115186    0.84735036    0.02594216    0.02594216
  -0.14748    0.08618779    0.00094010    0.82891208    0.02612540    0.02612540
  -0.12027    0.08876998    0.00080944    0.81099427    0.02632820    0.02632820
  -0.09306    0.09125684    0.00073110    0.79412031    0.02654229    0.02654229
  -0.06585    0.09363647    0.00068591    0.77834421    0.02675482    0.02675482
  -0.03864    0.09568981    0.00066162    0.76252049    0.02695459    0.02695459
  -0.01143    0.09704800    0.00065070    0.74451369    0.02713860    0.02713860
   0.01578    0.09741118    0.00064868    0.72238851    0.02731440    0.02731440
   0.04299    0.09678071    0.00065301    0.69592398    0.02749512    0.02749512
   0.07021    0.09550720    0.00066241    0.66705501    0.02769127    0.02769127
   0.09742    0.09407506    0.00067637    0.63854557    0.02790630    0.02790630
   0.12463    0.09282877    0.00069481    0.61222136    0.02813842    0.02813842
   0.15184    0.09187235    0.00071789    0.58844322    0.02838462    0.02838462
   0.17905    0.09116077    0.00074583    0.56694043    0.02864270    0.02864270
   0.20626    0.09062372    0.00077886    0.54767120    0.02891162    0.02891162
   0.23347    0.09021352    0.00081710    0.53087676    0.02919189    0.02919189
   0.26069    0.08989188    0.00086056    0.51658118    0.02948774    0.02948774
   0.28790    0.08962528    0.00090918    0.50438625    0.02981027    0.02981027
   0.31511    0.08939443    0.00096294    0.49367923    0.03017993    0.03017993
   0.34232    0.08919188    0.00102187    0.48390189    0.03062659    0.03062659
   0.36953    0.08901528    0.00108615    0.47474828    0.03118732    0.03118732
   0.39674    0.08886088    0.00115601    0.46620384    0.03190391    0.03190391
   0.42395    0.08872617    0.00123175    0.45849311    0.03282161    0.03282161
   0.45117    0.08861806    0.00131376    0.45203066    0.03398855    0.03398855
   0.47838    0.08855743    0.00140249    0.44722754    0.03544423    0.03544423
   0.50559    0.08857208    0.00149836    0.44430712    0.03718321    0.03718321
   0.53280    0.08866908    0.00160179    0.44285798    0.03908017    0.03908017
   0.56001    0.08880348    0.00171336    0.44118279    0.04079842    0.04079842
   0.58722    0.08887104    0.00183417    0.43640015    0.04176492    0.04176492
   0.61443    0.08874457    0.00196623    0.42563277    0.04133852    0.04133852
   0.64165    0.08833292    0.00211198    0.40796509    0.03916081    0.03916081
   0.66886    0.08761305    0.00227262    0.38536853    0.03545690    0.03545690
   0.69607    0.08661986    0.00244606    0.36165598    0.03100463    0.03100463
   0.72328    0.08541314    0.00262687    0.34046277    0.02674254    0.02674254
   0.75049    0.08405606    0.00280853    0.32386306    0.02334395    0.02334395
   0.77770    0.08261120    0.00298614    0.31227627    0.02106964    0.02106964
   0.80491    0.08114249    0.00315702    0.30522189    0.01991495    0.01991495
   0.83212    0.07973669    0.00331985    0.30230510    0.01981990    0.01981990
   0.85934    0.07848729    0.00347427    0.30332595    0.02071294    0.02071294
   0.88655    0.07744776    0.00362076    0.30768397    0.02240614    0.02240614
   0.91376    0.07658537    0.00375999    0.31387448    0.02452007    0.02452007
   0.94097    0.07580484    0.00389188    0.31980160    0.02658250    0.02658250
   0.96818    0.07503779    0.00401551    0.32387871    0.02824211    0.02824211
   0.99539    0.07429571    0.00413010    0.32552773    0.02939820    0.02939820
   1.02260    0.07363290    0.00423589    0.32486913    0.03014279    0.03014279
   1.04982    0.07309023    0.00433441    0.32223904    0.03062564    0.03062564
   1.07703    0.07269886    0.00442792    0.31815860    0.03097987    0.03097987
   1.10424    0.07250083    0.00451822    0.31347653    0.03130256    0.03130256
   1.13145    0.07252937    0.00460575    0.30914024    0.03165279    0.03165279
   1.15866    0.07274792    0.00468967    0.30573738    0.03204116    0.03204116
   1.18587    0.07301352    0.00476877    0.30322137    0.03243112    0.03243112
   1.21308    0.07315438    0.00484224    0.30114794    0.03277707    0.03277707
   1.24030    0.07308418    0.00490979    0.29909202    0.03305503    0.03305503
   1.26751    0.07285984    0.00497156    0.29684296    0.03326648    0.03326648
   1.29472    0.07262655    0.00502832    0.29425818    0.03342262    0.03342262
   1.32193    0.07252453    0.00508159    0.29111990    0.03353256    0.03353256
   1.34914    0.07264889    0.00513318    0.28725618    0.03361564    0.03361564
   1.37635    0.07306553    0.00518429    0.28283617    0.03371222    0.03371222
   1.40356    0.07380073    0.00523516    0.27834126    0.03386116    0.03386116
   1.43078    0.07479662    0.00528529    0.27426788    0.03406575    0.03406575
   1.45799    0.07586973    0.00533407    0.27083123    0.03428517    0.03428517
   1.48520    0.07674648    0.00538099    0.26797459    0.03445962    0.03445962
   1.51241    0.07719772    0.00542568    0.26561040    0.03454883    0.03454883
   1.53962    0.07720616    0.00546811    0.26375371    0.03455812    0.03455812
   1.56683    0.07702287    0.00550887    0.26238063    0.03453616    0.03453616
   1.59404    0.07702772    0.00554927    0.26114294    0.03454589    0.03454589
   1.62126    0.07749274    0.00559093    0.25933310    0.03462408    0.03462408
   1.64847    0.07846056    0.00563517    0.25628111    0.03476105    0.03476105
   1.67568    0.07983591    0.00568284    0.25188565    0.03491747    0.03491747
   1.70289    0.08157801    0.00573473    0.24680927    0.03506303    0.03506303
   1.73010    0.08379921    0.00579233    0.24220420    0.03520408    0.03520407
   1.75731    0.08672046    0.00585828    0.23905955    0.03538410    0.03538410
   1.78452    0.09052412    0.00593647    0.23753248    0.03566180    0.03566180
   1.81174    0.09525824    0.00603140    0.23658913    0.03608796    0.03608796
   1.83895    0.10078729    0.00614681    0.23446830    0.03668319    0.03668319
   1.86616    0.10677988    0.00628322    0.22999078    0.03741708    0.03741708
   1.89337    0.11265813    0.00643446    0.22258961    0.03818372    0.03818372
   1.92058    0.11760143    0.00658566    0.21058993    0.03880217    0.03880217
   1.94779    0.12074097    0.00671532    0.19037308    0.03906740    0.03906740
   1.97500    0.12153291    0.00680277    0.15911862    0.03883581    0.03883581
   2.00222    0.12005495    0.00683727    0.11928178    0.03809332    0.03809332
   2.02943    0.11696921    0.00682304    0.07906143    0.03695653    0.03695653
   2.05664    0.11318357    0.00677643    0.04713821    0.03561473    0.03561473
   2.08385    0.10944444    0.00671604    0.02711722    0.03425250    0.03425250
   2.11106    0.10605469    0.00665122    0.01705908    0.03297972    0.03297972
   2.13827    0.10284158    0.00657728    0.01280703    0.03179443    0.03179443
   2.16548    0.09936573    0.00648082    0.01106423    0.03060048    0.03060048
   2.19269    0.09527437    0.00635056    0.01017177    0.02928037    0.02928037
   2.21991    0.09052980    0.00618348    0.00942932    0.02776857    0.02776857
   2.24712    0.08539225    0.00598270    0.00866386    0.02608098    0.02608098
   2.27433    0.08024102    0.00575385    0.00792383    0.02429090    0.02429091
   2.30154    0.07541306    0.00550493    0.00726062    0.02248204    0.02248204
   2.32875    0.07108323    0.00524698    0.00670706    0.02070457    0.02070457
   2.35596    0.06716184    0.00499168    0.00626295    0.01894862    0.01894862
   2.38317    0.06329980    0.00474727    0.00589888    0.01715763    0.01715763
   2.41039    0.05910760    0.00451750    0.00557582    0.01528417    0.01528417
   2.43760    0.05450746    0.00430437    0.00526490    0.01336084    0.01336084
   2.46481    0.04992037    0.00410966    0.00495591    0.01153545    0.01153545
   2.49202    0.04616629    0.00393912    0.00465620    0.01006530    0.01006530
   2.51923    0.04417076    0.00380942    0.00438467    0.00926136    0.00926136
   2.54644    0.04460571    0.00374764    0.00416206    0.00936918    0.00936918
   2.57365    0.04755970    0.00377604    0.00399992    0.01042671    0.01042671
   2.60087    0.05239406    0.00388748    0.00389546    0.01220336    0.01220336
   2.62808    0.05799373    0.00403916    0.00383454    0.01431125    0.01431125
   2.65529    0.06327201    0.00417343    0.00379954    0.01642288    0.01642288
   2.68250    0.06761506    0.00425110    0.00377453    0.01839059    0.01839059
   2.70971    0.07095955    0.00427103    0.00374731    0.02018182    0.02018182
   2.73692    0.07356974    0.00426056    0.00371049    0.02175274    0.02175274
   2.76413    0.07574610    0.00425010    0.00366270    0.02302460    0.02302460
   2.79135    0.07762364    0.00425534    0.00360775    0.02396541    0.02396541
   2.81856    0.07923570    0.00428361    0.00355249    0.02466539    0.02466539
   2.84577    0.08073969    0.00435201    0.00350462    0.02531049    0.02531049
   2.87298    0.08250923    0.00449415    0.00347059    0.02609447    0.02609447
   2.90019    0.08496304    0.00474533    0.00345461    0.02715390    0.02715390
   2.92740    0.08841673    0.00512740    0.00345959    0.02856918    0.02856918
   2.95461    0.09311535    0.00565214    0.00348949    0.03042411    0.03042411
   2.98183    0.09932093    0.00633338    0.00354983    0.03282130    0.03282130
   3.00904    0.10740370    0.00721515    0.00364735    0.03591662    0.03591662
   3.03625    0.11762924    0.00838398    0.00378376    0.03981407    0.03981407
   3.06346    0.12982863    0.00995352    0.00394846    0.04434369    0.04434369
   3.09067    0.14301373    0.01197767    0.00411069    0.04884191    0.04884191
   3.11788    0.15533063    0.01434489    0.00422592    0.05225814    0.05225814
   3.14509    0.16484208    0.01677388    0.00425439    0.05373613    0.05373613
   3.17231    0.17027809    0.01893901    0.00419370    0.05326824    0.05326824
   3.19952    0.17072588    0.02066187    0.00408102    0.05180738    0.05180737
   3.22673    0.16461922    0.02185574    0.00395336    0.05068526    0.05068525
   3.25394    0.14984848    0.02233699    0.00379971    0.05079838    0.05079837
   3.28115    0.12587327    0.02185008    0.00356757    0.05217717    0.05217717
   3.30836    0.09583911    0.02040908    0.00323375    0.05419853    0.05419853
   3.33557    0.06587880    0.01881884    0.00286308    0.05623101    0.05623101
   3.36279    0.04178600    0.01863733    0.00258017    0.05806602    0.05806602
   3.39000    0.02622439    0.02133832    0.00248928    0.05990213    0.05990213
   3.41721    0.01846489    0.02717004    0.00262172    0.06194618    0.06194618
   3.44442    0.01607662    0.03468460    0.00294409    0.06410140    0.06410140
   3.47163    0.01664931    0.04152354    0.00339389    0.06598698    0.06598698
   3.49884    0.01850104    0.04593629    0.00391676    0.06718273    0.06718273
   3.52605    0.02074719    0.04769422    0.00447811    0.06744284    0.06744284
   3.55327    0.02304211    0.04770344    0.00506058    0.06674443    0.06674443
   3.58048    0.02527002    0.04707422    0.00564941    0.06525136    0.06525136
   3.60769    0.02737019    0.04647405    0.00622702    0.06324308    0.06324308
   3.63490    0.02930538    0.04606849    0.00678338    0.06101776    0.06101776
   3.66211    0.03110914    0.04579108    0.00732814    0.05879595    0.05879595
   3.68932    0.03288320    0.04546100    0.00788833    0.05665570    0.05665570
   3.71653    0.03474959    0.04489999    0.00849672    0.05458013    0.05458013
   3.74374    0.03681638    0.04388214    0.00918252    0.05251120    0.05251120
   3.77096    0.03918638    0.04205289    0.00997354    0.05033927    0.05033927
   3.79817    0.04198149    0.03900335    0.01090401    0.04788054    0.04788054
   3.82538    0.04531358    0.03459577    0.01200857    0.04494405    0.04494405
   3.85259    0.04924422    0.02926681    0.01331234    0.04149446    0.04149446
   3.87980    0.05369569    0.02390973    0.01480527    0.03774919    0.03774919
   3.90701    0.05837305    0.01933984    0.01641524    0.03408551    0.03408551
   3.93423    0.06274506    0.01585286    0.01799408    0.03082799    0.03082799
   3.96144    0.06617332    0.01328029    0.01934576    0.02812294    0.02812294
   3.98865    0.06822649    0.01134599    0.02031974    0.02594699    0.02594699
   4.01586    0.06898646    0.00990904    0.02090830    0.02417425    0.02417425
   4.04307    0.06908230    0.00896220    0.02126398    0.02265469    0.02265469
   4.07028    0.06939638    0.00847811    0.02161728    0.02128273    0.02128273
   4.09749    0.07066435    0.00835924    0.02217137    0.02008632    0.02008632
   4.12470    0.07318147    0.00844058    0.02303601    0.01920982    0.01920982
   4.15192    0.07675311    0.00854363    0.02421858    0.01874653    0.01874653
   4.17913    0.08083268    0.00852707    0.02562466    0.01855893    0.01855893
   4.20634    0.08468705    0.00832178    0.02704830    0.01829208    0.01829208
   4.23355    0.08762866    0.00793780    0.02822012    0.01761422    0.01761422
   4.26076    0.08922987    0.00744255    0.02891626    0.01645602    0.01645602
   4.28797    0.08936660    0.00692071    0.02904293    0.01502962    0.01502962
   4.31518    0.08802988    0.00643718    0.02861077    0.01364607    0.01364607
   4.34240    0.08509618    0.00602207    0.02763410    0.01252574    0.01252574
   4.36961    0.08043511    0.00567768    0.02611854    0.01173269    0.01173269
   4.39682    0.07430246    0.00539430    0.02416294    0.01121368    0.01121368
   4.42403    0.06749009    0.00516058    0.02201395    0.01087765    0.01087765
   4.45124    0.06096631    0.00496647    0.01996793    0.01065465    0.01065465
   4.47845    0.05539666    0.00480199    0.01822885    0.01052886    0.01052886
   4.50566    0.05094864    0.00465650    0.01684560    0.01053924    0.01053924
   4.53287    0.04741297    0.00451986    0.01574709    0.01076397    0.01076397
   4.56009    0.04442656    0.00438400    0.01480748    0.01132746    0.01132746
   4.58730    0.04165492    0.00424357    0.01390568    0.01239988    0.01239988
   4.61451    0.03891777    0.00409679    0.01297436    0.01411029    0.01411029
   4.64172    0.03623167    0.00394505    0.01202164    0.01636478    0.01636478
   4.66893    0.03371286    0.00379152    0.01109907    0.01874817    0.01874817
   4.69614    0.03144382    0.00363761    0.01024981    0.02068532    0.02068532
   4.72336    0.02941035    0.00348154    0.00947972    0.02179374    0.02179374
   4.75057    0.02753018    0.00332085    0.00876524    0.02209865    0.02209865
   4.77778    0.02572550    0.00315625    0.00808156    0.02191395    0.02191395
   4.80499    0.02397609    0.00299255    0.00742429    0.02156743    0.02156743
   4.83220    0.02231842    0.00283668    0.00680913    0.02124722    0.02124722
   4.85941    0.02080593    0.00269550    0.00625574    0.02102133    0.02102133
   4.88662    0.01946876    0.00257376    0.00577320    0.02091044    0.02091044
   4.91383    0.01830281    0.00247266    0.00535830    0.02090826    0.02090826
   4.94105    0.01728323    0.00238940    0.00500190    0.02097756    0.02097756
   4.96826    0.01638673    0.00231984    0.00469805    0.02107571    0.02107571
   4.99547    0.01559817    0.00226188    0.00444419    0.02118234    0.02118234
   5.02268    0.01490162    0.00221567    0.00423404    0.02129514    0.02129514
   5.04989    0.01426871    0.00218121    0.00404989    0.02140667    0.02140667
   5.07710    0.01366215    0.00215704    0.00386522    0.02149886    0.02149886
   5.10431    0.01305617    0.00214318    0.00366012    0.02156474    0.02156474
   5.13153    0.01245863    0.00214219    0.00343607    0.02163507    0.02163507
   5.15874    0.01190519    0.00215305    0.00321310    0.02173256    0.02173255
   5.18595    0.01143235    0.00216309    0.00301344    0.02180669    0.02180669
   5.21316    0.01105336    0.00214994    0.00284811    0.02172849    0.02172849
   5.24037    0.01075462    0.00209426    0.00271497    0.02138456    0.02138456
   5.26758    0.01050936    0.00199245    0.00260438    0.02079342    0.02079342
   5.29479    0.01029384    0.00185881    0.00250596    0.02012366    0.02012366
   5.32200    0.01009297    0.00171824    0.00241107    0.01959536    0.01959536
   5.34922    0.00990440    0.00159879    0.00231604    0.01937389    0.01937389
   5.37643    0.00974267    0.00152402    0.00222296    0.01954450    0.01954450
   5.40364    0.00963668    0.00150639    0.00213848    0.02014892    0.02014892
   5.43085    0.00962400    0.00154551    0.00207012    0.02121487    0.02121487
   5.45806    0.00972681    0.00163158    0.00202179    0.02273523    0.02273523
   5.48527    0.00991942    0.00175080    0.00199052    0.02461006    0.02461007
   5.51249    0.01012309    0.00188709    0.00196768    0.02663023    0.02663023
   5.53970    0.01022816    0.00202146    0.00194134    0.02851413    0.02851413
   5.56691    0.01014626    0.00213429    0.00189949    0.02999754    0.02999754
   5.59412    0.00984868    0.00221267    0.00183359    0.03092443    0.03092443
   5.62133    0.00937239    0.00225639    0.00174240    0.03128407    0.03128407
   5.64854    0.00880234    0.00227676    0.00163379    0.03121530    0.03121530
   5.67575    0.00823575    0.00228847    0.00152084    0.03091386    0.03091386
   5.70296    0.00773892    0.00230145    0.00141422    0.03050280    0.03050280
   5.73018    0.00732641    0.00231860    0.00131775    0.02994589    0.02994589
   5.75739    0.00698020    0.00233764    0.00123060    0.02911351    0.02911351
   5.78460    0.00667555    0.00235335    0.00115139    0.02795413    0.02795413
   5.81181    0.00640038    0.00236054    0.00108032    0.02659352    0.02659352
   5.83902    0.00615277    0.00235801    0.00101866    0.02525102    0.02525102
   5.86623    0.00593397    0.00235171    0.00096804    0.02409247    0.02409247
   5.89345    0.00575052    0.00235347    0.00093068    0.02316841    0.02316841
   5.92066    0.00560679    0.00237553    0.00090820    0.02244589    0.02244588
   5.94787    0.00549769    0.00242697    0.00089996    0.02186060    0.02186060
   5.97508    0.00540627    0.00251415    0.00090303    0.02135790    0.02135790
   6.00229    0.00531263    0.00263926    0.00091461    0.02089549    0.02089549
   6.02950    0.00520431    0.00279521    0.00093440    0.02045605    0.02045605
   6.05671    0.00507707    0.00296001    0.00096356    0.02002444    0.02002444
   6.08392    0.00492892    0.00310161    0.00100119    0.01957351    0.01957351
   6.11114    0.00476130    0.00319359    0.00104267    0.01907315    0.01907315
   6.13835    0.00458676    0.00322976    0.00108106    0.01850702    0.01850702
   6.16556    0.00443214    0.00322440    0.00110908    0.01787730    0.01787730
   6.19277    0.00432806    0.00319907    0.00112017    0.01719273    0.01719273
   6.21998    0.00428884    0.00316761    0.00110895    0.01646047    0.01646047
   6.24719    0.00430151    0.00313123    0.00107329    0.01569668    0.01569668
   6.27440    0.00433304    0.00308522    0.00101671    0.01493748    0.01493749
   6.30162    0.00435223    0.00302781    0.00094817    0.01422851    0.01422851
   6.32883    0.00434470    0.00296342    0.00087794    0.01359652    0.01359652
   6.35604    0.00430933    0.00290107    0.00081268    0.01303235    0.01303235
   6.38325    0.00424699    0.00285141    0.00075379    0.01250117    0.01250117
   6.41046    0.00415700    0.00282291    0.00069964    0.01196982    0.01196982
   6.43767    0.00404314    0.00281401    0.00064895    0.01142747    0.01142747
   6.46488    0.00391684    0.00280586    0.00060193    0.01088564    0.01088564
   6.49210    0.00379266    0.00276126    0.00055938    0.01036724    0.01036724
   6.51931    0.00368083    0.00263759    0.00052171    0.00989258    0.00989258
   6.54652    0.00358588    0.00240880    0.00048875    0.00947272    0.00947272
   6.57373    0.00350797    0.00208347    0.00046011    0.00910870    0.00910870
   6.60094    0.00344495    0.00170532    0.00043523    0.00879340    0.00879340
   6.62815    0.00339265    0.00133390    0.00041335    0.00851514    0.00851514
   6.65536    0.00333811    0.00101725    0.00039281    0.00824646    0.00824646
   6.68257    0.00326162    0.00077726    0.00037141    0.00795076    0.00795076
   6.70979    0.00312414    0.00060882    0.00034525    0.00754678    0.00754678
   6.73700    0.00286868    0.00048878    0.00030892    0.00690086    0.00690086
   6.76421    0.00244668    0.00038885    0.00025804    0.00588420    0.00588420
   6.79142    0.00186952    0.00029002    0.00019408    0.00450463    0.00450463
